6253
22923
39613
41184
57732
35061
12854
20634
21900
45619
53125
58869
12806
29995
13520
60592
10199
14168
42
63884
23486
20751
12867
41724
18060
48413
12867
28745
5992
18959
20114
48835
48835
12406
23509
58596
22923
12774
56616
6561
53043
8021
23902
23520
18976
8992
55678
48246
19650
44609
2691
61879
12914
55617
55879
44711
5428
4893
53293
55879
12806
1384
32465
58596
12973
13520
32976
44288
23520
23166
14168
13392
25027
58376
60170
29150
41494
21900
37847
25986
39613
26950
43116
29995
33846
50946
12914
40811
59974
58444
32465
2691
53630
23721
13445
24711
23145
51276
34795
14079
33846
60875
23641
41494
61089
41724
36575
61047
45151
7995
53646
39307
10196
32732
11704
33846
9788
20979
30737
59057
42493
55617
